70 500
152 650
10 258
894 141
125 648
21 34
642 414
522 806
537 27
475 887
465 381
872 737
543 194
175 710
200 701
845 100
687 809
62 398
130 798
835 410
517 733
971 709
697 669
95 272
617 680
582 906
289 223
188 65
534 874
596 337
174 408
80 998
797 725
195 518
426 123
897 31
902 101
912 604
99 703
923 176
492 453
141 575
727 202
49 230
991 909
447 865
694 439
621 914
190 993
410 352
213 938
46 959
328 510
518 251
244 503
959 837
633 264
600 143
963 601
70 526
362 466
106 786
232 865
125 894
421 264
975 125
845 309
260 597
198 213
960 798
649 563
