100 100
763 988
562 345
198 885
980 340
348 53
231 146
920 631
558 215
209 281
890 5
694 40
874 276
627 586
490 691
869 588
83 114
959 403
209 585
989 287
774 887
467 636
300 801
101 298
115 77
372 21
348 966
807 330
821 90
54 240
882 237
135 919
966 941
14 2
705 660
798 724
100 832
270 527
559 283
939 500
101 656
84 508
708 733
156 833
950 373
728 38
499 42
164 894
149 532
470 698
755 700
177 800
810 412
428 615
423 960
926 320
535 33
649 383
869 713
286 139
96 593
131 64
246 625
64 798
544 124
477 300
528 344
171 842
790 100
77 293
456 170
465 200
798 52
550 395
875 784
375 434
55 726
945 650
56 937
560 875
68 606
317 354
449 984
678 66
360 620
579 308
587 855
244 498
709 545
900 661
991 775
710 839
942 455
746 886
816 834
856 85
986 604
393 223
727 965
357 771
424 310
