80 100
918 44
688 698
812 983
550 612
936 200
584 69
820 135
937 300
710 777
931 915
49 700
520 520
607 817
78 363
722 928
667 525
247 921
101 763
507 230
383 250
374 516
138 453
102 375
703 887
508 729
232 415
890 893
485 125
325 638
372 575
314 51
516 967
551 150
760 729
996 384
136 960
883 156
541 48
578 163
249 516
735 483
641 761
533 432
765 692
359 250
233 888
59 532
27 144
5 26
323 439
903 587
776 430
747 652
11 364
946 74
485 436
130 502
28 48
547 686
585 462
252 969
792 547
138 277
83 5
412 673
539 307
376 428
549 765
272 334
139 394
900 176
986 540
622 281
469 785
228 49
643 606
820 886
359 941
497 819
698 978
