150 150
61 435
477 724
588 626
165 93
378 315
741 951
721 244
646 535
604 512
725 671
536 757
865 795
688 388
273 314
647 24
415 69
331 472
86 389
671 75
565 543
852 4
650 198
31 728
475 884
104 151
394 108
23 148
857 871
632 837
830 449
567 868
208 976
757 941
939 75
762 351
531 155
318 294
542 569
254 151
436 281
858 660
874 526
967 405
308 729
429 688
415 863
171 601
884 325
361 49
995 678
565 849
150 630
283 101
810 381
125 701
23 931
441 498
794 226
995 254
513 353
151 685
252 978
76 663
773 660
449 574
817 557
411 804
398 469
778 285
236 332
142 110
97 370
548 732
865 849
823 429
529 346
298 388
774 53
647 311
603 401
854 308
74 811
946 724
946 2
305 658
722 347
12 67
548 607
469 301
42 299
108 843
844 892
648 508
424 894
289 338
52 509
926 489
294 937
787 654
830 849
717 634
869 836
295 86
725 65
554 403
16 356
749 444
956 261
972 569
447 335
529 719
751 168
951 346
675 418
638 741
704 9
305 211
370 672
244 948
686 570
352 992
331 603
822 146
409 823
900 609
678 782
823 709
475 220
177 262
978 974
698 241
599 714
226 422
4 923
537 860
810 770
695 712
738 53
243 549
600 447
227 965
363 500
701 191
545 830
749 470
235 591
414 327
80 690
840 520
194 282
