60 500
89 389
546 349
694 241
512 405
740 749
100 133
278 570
294 738
154 116
850 549
23 438
878 486
744 603
614 878
62 216
463 739
3 694
79 574
333 962
104 617
487 308
680 546
900 950
528 409
282 940
70 345
906 50
633 442
230 424
311 667
170 391
522 351
917 13
619 279
736 340
826 825
726 851
824 481
447 75
442 150
299 110
921 753
46 140
329 148
827 186
543 416
392 240
830 62
162 366
924 152
557 591
46 989
783 445
771 239
539 981
732 956
466 103
350 603
277 322
324 40
