300 300
388 648
228 751
130 29
141 210
680 38
813 405
450 52
95 320
507 622
332 944
131 518
550 114
817 204
507 270
631 815
11 730
88 490
490 603
737 73
370 760
996 21
144 735
16 578
371 566
933 797
503 19
4 783
837 770
755 441
460 949
943 226
364 193
236 147
432 868
613 74
55 984
203 664
260 352
884 494
296 458
308 52
963 101
446 828
430 784
348 473
326 551
827 893
768 229
912 908
140 360
41 465
769 953
797 767
768 281
190 182
958 577
647 507
72 926
530 260
87 997
259 120
132 560
196 712
915 64
774 149
84 256
474 996
44 790
318 947
77 388
419 181
633 600
394 504
302 389
241 883
395 161
12 4
41 873
94 612
734 347
912 485
349 839
852 394
604 185
293 307
374 607
61 754
26 341
587 790
947 404
157 462
696 524
753 492
847 223
463 530
763 837
573 849
979 398
63 598
143 378
98 241
646 238
156 711
534 226
982 964
624 585
80 409
630 258
937 452
511 864
737 543
808 105
898 725
667 18
74 424
881 465
531 149
960 162
993 926
451 339
621 346
753 194
892 786
233 577
789 898
996 569
593 222
438 477
807 156
897 891
404 657
96 878
386 438
420 77
22 159
438 9
580 652
44 393
384 365
346 66
55 659
108 339
856 825
660 937
109 724
663 217
816 810
976 93
158 882
421 133
954 461
24 933
521 914
9 280
211 385
155 27
391 104
510 834
102 784
442 442
965 822
610 245
73 341
622 850
458 355
304 366
232 342
12 489
630 85
601 959
852 89
8 383
847 835
443 877
743 299
892 626
12 136
918 824
137 317
946 198
283 889
210 326
256 456
310 770
110 280
702 125
762 734
390 910
187 959
362 807
73 857
191 607
277 830
405 835
320 133
98 43
528 378
45 813
367 642
404 113
126 387
132 575
809 34
411 449
985 682
640 379
355 380
676 985
960 914
229 826
206 744
592 9
213 580
550 757
440 572
765 351
354 583
527 322
359 318
54 709
175 800
862 407
425 494
457 147
801 50
391 552
650 492
172 889
212 981
569 816
766 121
961 226
803 872
191 142
80 295
435 413
830 103
480 441
267 534
57 534
801 620
396 613
166 994
903 803
628 10
248 988
993 518
804 989
374 576
884 19
437 520
137 875
95 162
275 528
295 137
15 995
55 340
105 910
174 503
515 347
193 328
862 687
648 992
117 620
44 634
981 310
102 553
443 105
794 838
17 651
500 549
704 774
602 443
594 759
384 700
916 235
908 654
456 263
94 581
189 447
470 739
220 954
309 644
294 438
872 176
649 754
513 587
532 859
277 945
289 89
183 910
104 76
862 240
911 699
444 726
437 242
49 193
529 801
103 198
630 549
