200 200
774 91
740 461
660 411
426 988
866 544
755 534
626 798
188 764
227 392
175 461
353 814
895 384
914 998
599 701
229 154
20 541
60 888
545 891
479 896
616 729
235 4
675 616
531 61
40 559
949 850
16 31
9 784
59 488
315 720
579 856
1 540
86 774
954 106
578 393
371 723
3 98
4 893
255 485
11 391
873 634
123 582
164 144
677 448
57 960
346 310
907 766
945 795
163 674
763 405
638 441
380 335
670 979
427 290
657 602
627 743
604 884
339 222
554 951
177 220
214 279
447 86
794 137
332 765
712 221
937 532
401 236
518 780
724 680
35 765
644 593
853 115
926 249
116 858
997 465
728 726
510 864
545 477
638 50
554 75
150 458
173 860
324 849
941 907
711 447
665 676
656 324
962 791
114 660
61 535
789 433
279 823
778 877
287 448
114 968
899 861
567 495
440 201
357 960
315 512
930 30
264 253
53 255
856 270
231 50
156 501
71 217
292 734
696 687
34 343
921 84
385 674
833 561
73 582
108 750
812 403
297 847
299 494
586 231
566 839
568 522
721 185
689 940
711 200
264 433
28 589
143 993
608 499
886 404
617 312
101 768
274 401
748 993
263 725
326 984
805 874
24 867
682 218
62 181
832 968
817 464
931 316
63 853
571 22
410 36
832 675
940 407
992 841
747 334
293 641
507 19
657 769
575 792
39 827
216 779
417 781
577 265
352 628
757 8
760 912
1 121
187 391
809 1000
874 348
875 277
725 415
82 864
489 243
227 819
546 799
66 827
111 2
982 192
757 681
716 926
192 805
861 899
378 172
884 900
237 848
168 991
764 173
210 556
132 293
626 683
388 403
631 551
975 339
56 578
975 718
519 937
221 423
753 580
498 924
890 139
174 698
934 94
104 195
525 685
235 599
825 655
