250 250
268 832
76 95
312 525
541 505
510 976
919 158
418 481
905 598
943 541
797 914
955 176
607 962
4 476
802 44
678 981
725 916
759 265
43 367
72 483
181 338
188 140
213 505
813 13
621 995
67 308
458 476
370 638
797 935
120 24
437 744
270 600
251 320
433 313
870 305
654 124
710 913
154 473
574 520
173 304
680 940
500 982
12 163
44 305
785 631
285 707
654 458
961 870
52 632
621 69
165 69
684 898
440 864
205 375
496 765
765 762
111 742
296 335
571 221
321 323
36 728
868 786
810 76
23 385
109 267
944 936
535 401
969 276
425 672
832 965
52 505
52 994
211 898
249 541
274 732
929 764
806 66
590 913
406 981
199 244
253 78
885 285
333 864
564 766
688 770
866 943
342 381
966 541
693 13
672 230
11 910
660 543
782 33
787 750
851 69
531 637
890 900
29 354
802 798
447 721
466 409
998 431
655 798
210 772
205 745
233 20
524 818
910 87
458 933
374 956
809 552
372 462
644 342
873 41
974 897
838 833
500 164
712 294
48 391
628 631
660 571
713 351
226 988
977 447
414 80
845 51
142 609
887 320
767 623
900 280
740 175
358 85
275 522
402 536
880 221
430 40
140 990
1 923
434 175
849 230
640 377
994 412
338 139
123 663
364 699
868 487
133 506
23 188
454 480
859 638
996 963
351 977
788 610
702 210
253 479
414 539
665 770
761 3
193 950
915 223
541 86
344 495
286 170
407 840
124 951
674 669
472 122
514 869
765 283
2 595
914 877
929 86
799 112
367 880
980 386
671 204
897 388
192 930
61 727
578 618
377 391
462 256
249 149
404 932
197 473
955 794
129 839
856 516
973 416
61 690
962 347
307 696
387 150
30 847
718 705
896 451
96 824
928 1000
507 611
714 60
647 935
41 835
480 583
540 828
936 457
351 417
475 185
714 15
249 495
495 526
163 236
50 87
202 347
204 53
484 727
203 529
746 558
751 725
951 643
61 957
303 777
172 652
231 238
277 635
118 87
815 443
954 260
13 433
954 374
704 644
191 93
135 632
196 710
396 447
2 634
480 404
200 846
996 389
382 180
758 964
208 241
300 968
163 685
100 461
704 458
14 521
54 573
418 902
238 551
799 400
769 953
